8
3
4516
7281
2751
337
4516
9806
6583
4211
4516
1032
3655
846
10340
699
5019
699
6782
3441
2626
6153
3487
259
6782
259
3204
10104
6917
9998
5755
11303
3227
6926
420
6926
5755
11303
4501
6414
7041
4672
2998
11303
3227
2239
7075
8109
9480
9224
2890
11103
3227
6926
420
259
420
6926
5755
11303
4501
8399
2324
2890
4501
6414
8677
7759
8399
8401
3601
11272
10127
11272
4112
5090
8941
4112
8941
5090
2035
8941
4112
11272
10127
1786
10127
11272
4112
5090
8941
5090
2035
3247
7759
3601
11272
10127
1786
4581
4594
2510
5819
9855
1786
10127
11272
4112
8941
4112
11272
10127
1786
4581
1786
10127
11272
4112
5090
8941
5090
2035
5090
8941
4112
8941
5090
2035
8941
4112
11272
10127
1786
4581
10057
2144
6063
8782
3451
7018
8102
9451
10127
11272
4112
5090
8941
5090
2035
3247
2035
5090
8941
4112
8941
5090
2035
8941
4112
11272
10127
1786
10127
11272
4112
5090
8941
5090
2035
3247
811
7090
4249
5782
43
5782
4249
7090
811
8677
7759
8399
2324
4368
5460
147
5460
7790
4354
7790
5460
4590
4717
2316
10250
3271
5468
5541
6895
4909
4069
7400
10057
7400
11281
8157
5701
10871
2991
8393
3271
5468
2929
5541
6895
2510
6670
2324
2890
11103
3227
6926
420
259
6782
259
3204
420
6926
5755
11303
3227
2239
7075
8109
9480
147
9928
8778
4796
3256
849
8469
849
9928
9480
9224
2890
4501
8399
8401
5819
10127
1786
4581
4594
9855
4594
2510
5819
9855
1786
10127
11272
10127
1786
4581
1786
10127
11272
4112
8941
4112
11272
10127
1786
4581
10057
4581
4594
9855
4594
2510
6670
2324
4368
4105
6670
2324
2890
11103
3227
6926
420
259
420
6926
5755
11303
4501
6414
7041
7090
8506
2889
7945
10809
6640
2381
2798
2381
6640
10809
7251
8747
1907
6640
6204
4474
9551
8115
3465
4877
6632
6452
4145
6063
9451
1786
10127
11272
4112
5090
8941
5090
2035
5090
8941
4112
8941
5090
2035
8941
712
4516
7281
2751
2239
3878
2751
2239
3878
2364
3216
6152
7776
10141
9806
6583
4211
4516
7281
2751
2239
7075
8109
9928
8778
9886
11114
71
11114
7381
9994
71
9994
8174
7381
71
4520
4443
6648
8316
2692
5132
2692
8316
1704
8316
2692
10975
9818
6534
3786
4855
8719
10166
8719
4855
3786
10405
6691
1704
3786
1704
9818
6252
1605
6252
10975
6252
1605
8002
6483
7734
6483
8002
1605
10333
906
8856
6483
7734
4104
1583
4104
6534
3786
4855
8719
10166
3032
8578
9938
4113
5660
4113
2240
4723
5660
10166
5660
8578
9938
4113
5660
4113
2240
6821
4301
2493
3585
2870
3385
9091
6821
4301
9091
4723
5660
10166
8719
4855
3786
10405
6304
2935
6304
3385
10166
3032
9283
6732
2068
5540
2068
1583
2068
9178
1583
5540
9753
4080
6732
2068
5540
2068
1583
4104
8002
4104
1583
2068
9178
1583
5540
9753
8826
1762
7734
1762
7167
186
7167
705
1936
705
7167
4542
2237
5685
7696
7150
4542
2237
3102
5192
539
2393
6445
1396
6445
7765
6445
1396
2879
133
8096
9537
6165
11261
858
8775
7282
9717
2498
9717
616
5038
1867
11342
6011
8587
6011
8979
9912
1436
9021
10456
9283
6698
2057
2646
8237
8587
5196
1396
1867
11342
6011
8587
11313
9395
11313
8587
6011
8979
5063
8237
8858
8159
2823
6258
186
5599
2237
5685
7696
2976
493
8411
2783
3171
1102
10492
1102
10382
4364
8246
2512
3419
3171
7138
3397
317
3130
10198
1285
7836
2273
1106
2273
7836
9443
2152
4552
6997
9225
6997
4208
8939
7696
7150
705
7734
8826
6356
2057
9021
10456
9938
4113
5660
8578
9938
4113
2240
4723
5660
4113
5660
10166
5660
8578
9938
4113
2240
6821
4301
2493
1412
7392
8516
3464
2419
7661
3107
11276
5553
1018
1672
9098
1018
3295
3625
9124
3625
3295
7932
7280
8187
1504
2598
1543
9912
1436
9021
10456
9283
6732
2068
5540
2068
1583
4104
6534
3786
1704
8316
1704
3786
4855
8719
10166
8719
4855
3786
10405
6691
1704
9818
6534
3786
1704
8316
2692
5132
9793
5509
4880
3147
9327
3147
196
2471
196
4288
2414
1422
10915
11330
1153
3216
7851
3775
1153
10277
11330
1153
3216
6152
4516
9806
6583
10701
458
10576
916
8593
7930
6531
2195
4751
8943
4739
7351
5139
4751
8943
4739
7351
916
8593
4633
7782
4571
1814
6665
11316
7782
4633
6531
9521
9828
3723
2446
6049
2195
3459
668
10367
33
3520
8020
2694
5537
7885
9476
6103
6836
7934
6836
5182
7635
9499
2315
9499
7096
536
2056
7349
7569
9190
1339
2021
6366
9906
9312
2021
6798
1433
10079
520
568
2098
2969
415
3805
8226
8882
5252
704
5507
8681
6500
5268
8882
5252
704
5507
3391
10343
3349
8681
6500
5268
8882
5252
704
5507
8681
6500
5268
8882
5252
704
5507
3391
7487
3391
10343
9634
10343
3313
11020
7951
4253
1024
4465
7643
6501
9347
6501
7643
10961
1351
5423
6501
9347
5899
9347
6501
7643
4465
1024
5920
1562
5920
2140
7666
3635
5993
11102
3542
165
191
4049
191
2155
7814
2155
191
4049
5920
1024
4465
7643
6501
9347
5899
9824
6530
4007
2244
7685
1647
6672
10122
1763
10577
5423
6501
7643
10961
5472
10961
7643
4465
1024
5920
5596
3205
10345
4253
7951
5587
6176
523
11020
7951
4253
7749
3152
4512
6615
4512
5891
6046
5086
8008
151
10566
336
7879
336
1582
336
10566
4258
10377
10231
2633
10231
10377
2589
987
2589
9740
987
3081
2633
3081
987
9740
3588
11101
8156
10647
624
4177
10577
5423
6501
9347
6501
7643
6501
9347
5899
9347
6501
7643
10961
1351
5423
6501
9347
5899
9824
5899
9347
6501
7643
4465
7643
6501
9347
5899
9824
5001
2625
4905
2625
5001
9824
6530
4007
2244
7685
1647
8408
8931
1183
9608
2028
7270
77
2108
8190
5317
2869
8185
11324
8464
1665
4733
4463
7663
6385
1818
47
1063
4320
4918
3607
1147
8758
7257
4824
8124
4824
5643
1522
3262
5331
3262
1006
3262
1522
5643
4824
4853
3343
1865
3343
7876
1971
7876
1292
7876
1971
1911
1971
7876
1292
2215
2082
7896
2960
1006
3262
5331
2960
1006
3262
1006
101
4516
1032
3655
846
10340
6153
3487
259
420
259
3487
1032
3655
7680
579
6194
11153
397
4679
7837
4679
5610
6502
4318
1848
10088
10360
4679
10360
10088
7485
6158
2420
3671
766
5906
1495
3498
6157
7425
7184
7425
3577
1996
5904
4864
8098
3820
5926
10972
5610
6502
10360
4679
7837
846
7837
4679
5610
6502
4318
8098
4318
1848
4864
1848
10088
10360
10088
7485
6585
5788
2952
390
10701
458
8617
2952
8617
989
2895
6585
5788
2952
390
6194
11153
5788
2952
8617
989
2895
6585
5788
2952
390
4211
4516
4122
7281
2751
2134
4516
4122
7281
2751
2239
3878
2751
2239
7075
8109
601
8109
60
8469
3488
10915
5431
3947
6760
4766
7960
1322
3775
5837
5431
4288
3330
102
8336
102
3330
9095
3330
102
8336
7120
6410
7120
8336
9793
6648
4443
6691
1704
3786
1704
9818
6252
10975
2277
7532
3018
5550
4497
3419
3171
7138
9265
3397
5465
3130
11026
6745
6658
9924
3798
9924
9392
5888
10697
9800
6745
9800
6745
6658
5126
6671
2246
2764
9823
2764
1473
159
2466
10382
2466
3531
2289
8446
4792
8446
7046
8446
4792
1986
10618
5990
9588
10737
1126
7030
7815
8615
8420
3046
313
9723
137
5209
9069
3591
5959
4885
11122
4709
2694
5537
3520
8020
6
2446
3723
547
1367
3113
2415
10530
10154
2094
656
1126
4626
9102
10737
1126
7030
3046
4626
5787
313
9723
6707
3164
10990
3164
7163
9696
1272
376
1272
10990
376
10990
1272
376
4092
4141
6707
3164
10990
3164
7163
9696
9080
6022
4401
7163
9696
5438
8932
938
9412
7226
4884
8567
6799
6446
2727
6813
2727
558
3610
5758
10984
8734
7265
8734
10984
7775
10746
4532
465
1526
586
1644
9018
1644
586
1526
465
4532
10746
837
9671
6227
4154
11063
823
8397
507
8566
1526
9165
10374
8734
966
5758
6469
11280
7360
2802
10779
5212
6556
66
2424
9087
5212
6556
66
9671
837
4532
837
10746
507
2087
3703
534
8397
716
823
716
11063
5197
6227
5197
266
5668
10517
10806
8835
4656
9267
2902
3229
7771
5668
10517
10806
8835
4656
9267
7688
10816
10934
132
8046
6959
5189
852
2869
8185
5189
8185
11324
8464
11324
8185
5189
6959
5927
6959
9149
852
9149
2967
231
2108
8190
360
6361
1665
4733
10473
2511
5240
487
4358
487
6361
5240
1665
8464
1665
4733
4463
10687
10473
2511
1818
47
7562
9619
1943
1640
6975
1640
1943
4320
4918
3607
5635
7689
2050
7689
4358
2265
2189
2520
9188
10840
7982
4853
7982
10840
1793
2265
1793
7257
10208
8124
3075
8124
4824
4853
3343
9096
11169
3765
7579
11241
8607
1234
3584
11241
8607
10204
9766
2409
5035
9729
10731
9729
8183
4390
8183
9729
10731
1575
10204
9766
2409
10810
9073
44
2562
44
4022
2868
5035
1575
1234
11152
9345
5954
394
11152
394
2010
5869
2010
394
3584
7579
6184
6173
1441
4575
9539
3744
6854
3744
6507
7981
4905
2625
4905
9539
4905
2625
5001
10369
8607
1234
3584
11241
2090
6384
6173
1441
4575
6192
11216
6507
8817
7981
4905
9539
6854
11216
8565
11216
6854
9539
3744
9539
4905
2625
4905
9539
6854
3744
6854
11216
6507
7981
4905
2625
5001
2625
4905
9539
3744
6507
8817
7981
4905
2625
5001
9824
5899
9824
5001
1816
6229
5250
2562
9073
44
3122
6858
44
2562
44
4022
2868
8183
4390
5516
4390
8183
9729
8183
4390
5516
7301
398
7301
5705
8341
6954
8341
7123
5516
2267
2868
5035
9729
10731
6608
4011
334
10287
6954
7236
8685
7906
8685
8881
6202
2698
6202
8881
6954
8341
6954
7236
8685
5269
81
5169
8881
8685
7906
6256
7452
6256
5269
6112
7452
3922
7452
6112
2175
6112
7452
6256
7906
8685
8881
6202
10248
1450
10287
1450
5924
10248
6202
2698
5169
8881
6954
8341
7123
5705
566
6256
7452
3922
2546
1838
7301
5516
4390
8183
9729
8183
4390
5516
7301
398
3922
300
3922
398
7301
5705
8341
6954
7236
8685
5269
81
5169
8881
8685
7906
6256
5269
6112
2175
10177
9490
10177
2175
4944
909
8030
909
81
5169
8881
6202
8881
6954
8341
7123
5516
2267
2279
44
3122
5159
8809
1838
2267
2868
8183
9729
10731
9729
8183
4390
8183
9729
10731
1575
10204
9766
2409
5035
1575
1234
11152
6608
10731
6608
11152
9345
4328
3301
10094
7294
6792
5954
394
11152
394
2010
10745
114
7294
10745
2010
5869
1865
5869
363
9096
11169
3765
7579
11241
8607
10204
9766
2409
10810
9073
44
2562
9073
44
4022
2868
5035
9729
8183
4390
5516
4390
8183
9729
10731
9729
8183
4390
5516
7301
5516
2267
2279
44
3122
6858
44
2562
44
4022
2868
8183
9729
10731
1575
10204
9766
2409
5035
1575
1234
3584
7579
6184
5295
10003
9188
9096
11169
3765
7579
11241
2090
6384
2625
4905
9539
4905
2625
5001
10369
6384
6173
1441
4575
9539
6854
9539
3744
9539
4905
9539
6854
3744
6854
11216
8565
2189
8565
7310
3375
9756
1183
9608
360
6361
9756
2189
4358
487
5240
487
4358
2265
4358
487
6361
1665
5240
1665
8464
11324
8464
1665
4733
10473
2511
5240
487
5240
1665
5240
487
4358
2265
2189
2520
1793
10840
7982
7257
4824
8124
3075
8914
6444
2772
6444
8914
3075
11090
5740
8914
6444
2772
5663
1417
1640
604
4918
9351
1147
8758
7257
10208
11090
5961
9351
3103
10208
8124
4824
5643
1522
3262
1522
5643
4824
4853
4824
8124
3075
8124
4824
5643
1522
3262
5331
3262
1006
3262
1522
5643
4824
4853
1911
6708
5643
1522
3262
5331
2960
1006
3262
1006
3262
1522
5643
4824
8124
3075
8914
3075
11090
5740
8914
6444
6975
1417
1640
6975
5740
8914
3075
8124
4824
5643
1522
3262
5331
3262
1006
3262
1522
5643
4824
4853
7982
4853
3343
4853
4824
8124
3075
8914
6444
8914
3075
11090
5961
604
4918
3607
6041
3631
1063
4320
4918
9351
1147
8758
7257
4824
5643
1522
3262
5331
2960
1006
3262
1006
3262
1522
5643
4824
4853
1911
4853
7982
10840
1793
2265
1793
7257
10208
11090
5740
8914
6444
2772
2566
7587
2566
10699
2830
5808
4774
5655
4774
5808
2830
4459
9674
2199
1754
2385
3356
5979
6422
2385
3356
11065
3825
1514
5808
1514
4469
970
4459
9674
3522
3356
5979
1224
1992
7957
3615
2043
371
9371
5979
6422
2385
3356
11065
4469
970
3522
3356
5979
1224
1992
6422
2385
3356
11065
3825
8518
7535
8518
4774
8518
7535
9026
8928
9026
9371
8495
4911
7728
10516
3722
11040
3722
8930
3722
11040
1182
11040
3722
8930
831
7587
8928
5655
8928
7587
831
8930
3722
11040
1182
11207
929
11207
1182
11040
3722
8930
831
7587
2566
8369
5663
1417
1640
1943
9619
720
8723
720
1280
5492
3751
6003
3587
1237
7241
10282
8770
10816
4063
10074
2051
4063
2051
1172
4656
9267
2902
2919
10846
5346
10462
3790
1463
6363
1376
7549
7129
7549
11323
2919
11323
5735
65
5735
1950
7688
9267
7688
10074
2051
4063
10074
2051
1172
8046
6959
5189
852
2869
852
9149
852
2869
5317
11324
8185
11324
8464
11324
8185
5189
8185
11324
8464
1665
8464
11324
8185
5189
6959
5927
4656
9267
2902
3229
7771
266
5668
10517
10806
8835
4656
9267
7688
10816
10934
4063
2051
4063
10074
2051
1172
4656
9267
2902
2919
10846
6597
8721
10015
3528
1666
9093
3689
10741
5208
3907
1666
3648
9154
11117
8962
4748
8962
8323
8962
10502
2788
5265
85
5265
7078
2505
6379
10741
5208
475
5208
3907
1666
9093
3689
3648
1666
3648
9154
10502
5265
10502
8962
4748
1173
4077
2087
507
10746
823
8397
507
8566
1526
586
10789
842
5772
7265
6773
3610
5758
10984
6813
7775
6813
10984
8734
7265
2727
7265
8734
10984
7775
10746
4532
465
8566
1526
465
1526
9165
10374
8734
966
5758
6469
558
3610
5758
10984
6813
2727
6813
7775
6813
10984
8734
7265
6773
966
5758
6469
11280
7360
2802
6594
10667
6446
5772
7265
2727
558
3610
5758
10984
7775
10746
837
9671
6227
9671
837
4532
10746
507
2087
3703
6185
7956
5737
3528
1666
9093
3689
10741
5208
475
8721
11340
2919
11323
610
11323
2919
10846
5346
10462
3790
4726
3011
411
10083
4348
6901
2375
2255
411
10083
4348
1652
4475
6462
4475
8104
9834
9658
9834
5998
10153
11317
4083
5998
10153
8746
7843
5559
9845
9045
2380
3376
4148
2891
9232
4173
2026
293
2026
4048
49
4048
2026
293
2071
293
49
293
2026
4048
49
1340
513
9670
5421
10713
2119
941
240
5421
2119
941
11189
6232
2263
4446
2827
6232
2263
6636
5292
4556
7537
10389
11129
10389
1716
9496
1716
10389
11129
10214
6289
10214
11129
4006
8612
10214
6289
10549
10801
5270
10801
4823
7606
7146
10413
2659
3718
2943
4707
7846
2943
4707
3476
6922
8026
3710
953
4000
5885
2861
531
2861
4000
1921
2503
1921
4000
2861
3505
1386
11290
6302
1715
1386
1266
2953
4689
11290
1085
7786
2942
2803
2804
2803
2942
7786
6302
4372
7443
8583
4283
9354
593
9891
658
9891
3232
9891
658
593
8959
6734
6723
4851
6009
4851
3114
3381
853
4134
7142
4134
853
3381
10169
3232
4582
3466
1585
9454
865
9454
3466
9454
865
5099
865
8465
5099
6266
10413
2659
3649
19
5298
6491
2345
9255
10532
5155
6040
8285
5329
5200
8789
392
5329
6040
4995
569
8428
9708
8285
4314
1265
7604
5302
9299
6082
10804
7941
9322
10728
9322
3437
3814
3731
2148
3731
3814
10565
4917
10001
3437
3814
8032
2820
7941
4684
5210
10804
4684
9322
4684
5210
7021
8823
1250
3213
1483
6863
2835
969
9682
2345
9255
10332
4244
6156
1331
9477
4458
5131
9273
4045
9075
3809
2482
5334
9615
3241
5583
10542
5636
6228
3174
22
779
7751
8720
11289
8720
9198
5636
9198
8720
7751
10712
11180
30
4860
1657
8626
4234
6758
4234
30
4860
1000
7228
5613
7228
7222
7731
8776
10957
724
10957
10306
10957
7203
10957
8776
7731
11314
5172
8321
5172
8434
10306
8434
5172
9113
7375
8893
7375
1117
1775
7431
9122
7431
9249
7431
3900
10761
9856
688
10087
688
9856
955
9249
955
9856
688
8078
7032
6407
95
9122
3981
3999
8871
3699
5769
8321
1157
3021
779
22
10978
4498
5598
9049
1729
9829
3150
9829
710
4624
6711
4387
10416
4387
7384
6205
11076
6413
3746
4710
4409
4710
4231
4087
6790
1413
933
8832
10811
5236
7221
6245
11138
8663
6655
3901
8832
5236
7221
8390
9814
1483
6863
2576
9558
4283
9354
6724
9936
5667
5270
9496
6358
7537
10389
1716
215
7903
3597
7715
8173
2871
3450
8907
10060
4102
1689
4102
2871
3450
3923
3364
3217
1410
6967
1410
3217
6967
8995
1773
7695
6211
10328
6313
10328
6211
6409
5007
6409
6903
731
1942
7229
8075
7695
6211
10328
6313
4566
3906
763
1164
7673
1164
3030
10175
9951
10175
7156
4538
7692
5680
3030
1164
7673
8990
7673
4189
3473
4189
763
9951
1103
3352
400
3352
3906
763
1164
3030
10175
9951
10175
7156
4538
7692
8875
403
8875
7692
5680
11148
5680
3030
1164
7673
11148
7673
1164
3030
10175
9951
1103
9951
10175
7156
4538
7692
8875
403
4027
10795
4027
9213
253
9213
6845
9462
8711
253
9213
4027
10795
403
8875
7692
5680
11148
5680
3030
1164
7673
8990
1808
1291
5799
10044
5799
9457
3473
9457
5799
10044
2172
10044
9108
10328
6211
6409
5007
2172
5007
6409
6903
6573
6315
5007
2172
587
6315
5007
6409
5007
2172
10044
5799
9457
3473
4189
7673
4189
3473
1808
1291
5799
10044
2172
5007
6409
6903
731
1942
5595
7229
8075
7695
6211
10328
6313
7923
6313
10328
6211
6409
5007
2172
587
1291
5799
9457
5799
10044
9108
3341
9457
3473
9457
5799
9457
3473
4189
763
9951
1103
3352
1103
9951
10175
9951
1103
3352
400
1069
7072
7131
7072
1069
400
4566
3341
9108
10328
6313
4566
3906
763
1164
3030
10175
7156
4538
7692
8875
403
4027
9213
253
9213
6845
9462
11304
5073
1972
805
8711
253
9213
4027
10795
3735
2159
6989
10232
6989
2159
3735
4538
7692
5680
11148
7673
11148
5680
3030
1164
7673
1164
3030
10175
9951
10175
7156
4538
7692
8875
7692
5680
11148
7673
8990
6781
7507
6781
7500
6781
8990
7673
4189
7673
11148
5680
3030
1164
7673
1164
3030
10175
9951
1103
9951
10175
7156
4538
7692
8875
403
8875
7692
5680
11148
7673
8990
1808
1291
5799
10044
5799
9457
5799
10044
2172
10044
9108
3341
9457
3473
1808
1291
5799
9457
5799
10044
5799
9457
3473
9457
5799
10044
2172
5007
6409
6903
6573
4236
8511
1616
4236
9865
587
6315
5007
2172
587
1291
5799
9457
3473
4189
3473
1808
1291
5799
10044
9108
10328
6211
10328
6313
7923
2331
1773
7695
6211
6409
5007
6409
6903
731
1942
7229
8075
7695
6211
10328
6211
6409
5007
2172
10044
5799
9457
5799
10044
2172
5007
6409
6903
6573
6315
5007
2172
587
6315
5007
6409
5007
2172
10044
9108
3341
9108
10328
6313
10328
6211
10328
6313
4566
3341
9457
3473
9457
5799
166
4516
9806
6583
10701
458
8617
2952
8617
989
2895
6585
5788
2952
390
6194
11153
5788
2952
8617
2952
390
4211
4516
4122
7281
2751
2239
3878
2364
3216
7851
2723
6665
2723
11107
10530
10154
1322
11107
10720
1814
6665
11316
7782
319
8362
10141
9806
6583
4211
4516
9806
6583
10701
458
10576
916
8593
4633
7782
11316
6665
8667
7851
3775
1153
10277
5518
1009
8363
5518
8363
7148
8363
2364
3216
6152
4516
4122
7281
2751
2239
7075
8109
9928
9480
147
9928
8778
849
9928
9480
9224
601
7572
11103
3227
2239
3878
2364
3216
7851
2723
6665
2723
11107
10530
3933
7815
8615
3591
5959
7197
2593
547
1367
3113
3534
2150
9521
9828
2446
6
2446
3723
2446
6049
2195
3548
3586
3548
7955
5359
7955
10283
5359
8084
5359
872
5186
7992
8065
2418
4756
7905
8031
11191
4756
7905
8065
7132
4657
7992
8065
2418
10994
568
4756
7905
8265
8586
6918
2616
2261
5654
2616
502
4516
7281
2751
2239
3878
2751
2239
7075
8109
60
8469
849
8469
7148
8363
5518
8363
7148
5518
7148
1009
8363
2364
3216
7851
3775
5837
11330
1153
10277
11330
1153
3216
6152
7776
10141
9806
6583
10701
458
10576
916
8593
4633
6531
9521
6049
3459
668
94
7955
10283
5359
872
5186
2261
2194
510
4610
5786
5732
10279
3205
10279
10345
4253
1024
4465
1024
5920
2140
4049
5920
1024
4465
7643
10961
7643
4465
1024
5920
5596
3051
4610
5786
5732
6607
8438
10292
8586
6918
2616
2261
5654
2616
2261
10904
9002
1917
9493
872
5186
7992
8065
7132
10367
33
668
10367
2418
10994
568
10994
7934
10994
7349
7569
9190
1339
2021
6515
8531
2967
231
2579
10534
1360
995
3805
8226
8882
5252
704
5507
3391
10343
3349
8681
6500
5268
8882
5252
704
5507
8681
6500
5268
8882
5252
704
5507
3391
7487
3209
7487
3313
11020
7951
4253
7951
5587
6176
523
11073
8438
10292
8586
6918
2616
2261
2194
5654
2616
2261
2194
510
8302
3051
4610
5786
5732
10279
5587
6176
523
11020
7951
4253
7749
3152
4512
6615
4512
5891
6046
8008
151
8662
4177
4270
10541
4270
725
6615
362
2551
5472
2551
362
6615
8008
5086
6434
1141
99
9634
3349
9634
10343
9634
3349
10343
3313
11020
7951
5587
6176
523
11073
4285
3209
8824
3758
8276
9488
11191
4756
7905
8031
11191
4756
7905
8065
7132
10367
33
3520
8020
2694
5537
3520
8020
6
7197
2593
547
3723
547
1367
2593
547
3723
2446
6
8020
2694
5537
7885
9476
8044
7652
10338
7917
3891
338
6273
10433
8011
10338
7917
8664
4593
6934
6380
11165
2146
11165
2832
9378
4670
9375
5453
1110
5927
4656
9267
2902
2919
10846
6597
475
8721
11340
2919
11323
610
10639
610
65
10727
1950
7688
9267
7688
10074
2051
4063
2051
1172
8046
6959
9149
2967
3371
6515
10792
6366
4670
3095
4999
8531
5927
1110
5938
1027
8787
5197
8787
5938
8787
5197
6556
66
2424
9087
5212
6556
66
9671
837
9671
6227
9671
837
4532
837
10746
507
10746
823
716
823
716
11063
5197
7395
5053
8220
8702
2832
11165
2146
6934
3243
4680
2037
6103
6836
5182
7635
7096
536
2056
6654
1371
7569
9190
771
9872
7096
536
5182
536
6836
6103
33
668
10367
2418
4756
7905
8265
8586
6918
2616
2261
10904
9002
1917
9493
3106
8213
5025
9646
4351
3919
4351
9646
10379
10573
3919
11072
4675
6072
8042
2856
8224
9484
6072
8042
8213
5025
4739
7351
5139
4751
8943
4739
7351
916
8593
7930
5139
4751
8943
4739
7351
5139
4751
8943
4739
7351
916
8593
4633
6531
9521
6049
3459
668
94
4657
94
7955
3548
10283
423
3586
8084
3586
8213
5025
9646
10573
4351
8042
2856
1917
9493
872
5186
2261
2194
5654
2616
2261
5654
2616
2261
10904
2352
5906
1495
1562
1495
3498
6157
7425
3577
7485
6585
5788
515
4516
1032
3655
7680
397
4679
5610
6502
10360
10088
10360
4679
10360
10088
7485
6585
5788
2952
8617
989
2895
1545
10379
10573
3919
4351
3919
11072
4675
6072
8042
2856
8224
9484
3671
766
6311
9002
1917
9493
3106
8213
5025
9646
4351
9646
10379
3919
10379
9646
10573
4351
8042
8213
5025
4739
7351
5139
4751
8943
4739
7351
916
8593
7930
6531
2195
3459
668
94
4657
94
7955
3548
10283
423
8084
3106
2856
1917
9493
872
5186
2261
5654
2616
2261
10904
2352
5906
3498
3317
8041
7373
2754
6332
3581
8108
6981
8461
6981
8108
3581
8189
7658
1996
10088
10360
4679
10360
10088
7485
6158
2420
6157
7425
7184
9589
7184
3498
6157
7425
3577
7485
6585
5788
2952
8617
2952
390
4211
4516
1032
3655
7680
397
4679
7837
846
7837
4679
5610
6502
10360
4679
10360
10088
10360
4679
7837
846
10340
6153
3487
1032
3655
846
7837
4679
5610
6502
4318
8098
893
8098
3820
4700
2225
10407
554
3282
6630
6699
4418
8448
4418
10017
7733
10951
3166
1059
8249
1059
7721
3479
8212
11262
8212
8513
438
8513
3479
8212
4920
11262
1020
11134
6782
699
6476
9611
10627
9153
6195
8448
10326
5527
10407
5527
5623
8756
457
4679
10360
10088
7485
6158
2420
3671
766
5906
1495
1562
1495
3498
3317
8041
7373
2754
6332
3581
9589
3581
8108
6981
5578
2379
4326
8536
6332
3581
8189
7658
7333
6777
1119
9438
4864
8098
4318
1848
4864
1848
10088
10360
4679
7837
846
10340
699
5019
9411
7189
9411
9611
10627
6260
6191
6260
10627
9153
6195
8448
7093
10259
9153
6195
8448
4418
3166
8448
10326
743
6191
7189
5527
7189
9411
5019
6476
4136
7382
699
6782
3441
2626
6153
3487
259
3487
1032
3655
7680
579
390
10701
458
8617
989
2895
1545
11072
4675
6158
2420
6157
7425
7184
7425
3577
1996
5904
7333
6777
7513
8590
1140
7347
9243
3806
6240
8757
4977
1267
2225
10407
4306
1267
7201
3237
5330
366
3121
10611
4713
6331
5330
5353
5330
366
7201
3237
5330
5353
3820
5926
4318
8098
893
6047
9438
4864
8098
3820
4700
3237
5330
366
3121
6240
877
7060
10055
2655
2408
8757
4977
3121
10611
8590
5368
225
8889
8189
7658
1996
10088
7485
6585
5788
2952
8617
2952
390
6194
11153
397
4679
5610
6502
10360
10088
10360
4679
10360
10088
7485
6158
2420
3671
766
6311
8224
9484
3671
766
5906
3498
6157
7425
7184
9589
7373
2754
6332
3581
9589
7184
3498
3317
8041
7373
2754
6332
3581
8108
3581
8189
7658
7333
6777
1119
6331
5330
5353
3458
6047
893
3458
5353
5330
366
7201
3237
5330
5353
3820
5926
10972
4679
7837
4679
5610
6502
4318
1848
4864
1848
10088
10360
4679
10360
10088
7485
6158
2420
6157
7425
7184
7425
3577
1996
5904
4864
8098
4318
8098
893
8098
3820
4700
2225
10407
554
1612
4129
6482
4994
9900
700
6002
2211
4519
10335
8813
6509
7309
4519
10335
693
1743
3145
3962
3145
5513
